$ANSIBLE_VAULT;1.1;AES256
33353535363432383963333138383030376661633165363562303263636335646337353431346134
6263326235616163653466346164306337383230613034370a323138363637326532336434326239
66373361383637366433653965306166616562336265643633303566386365303538303536306261
3265653637623566620a343266363932626565353161663636663333383439613432336433623762
35323964303261396266633164663963326661616134383763326361346232333263666532616463
33373365346231323734656438616438343232613739373136323733396434306536326562613065
37386136356433373233336266333865393064636638333234333632366435383335383364343737
34386330326333353964316535646635313966663538373464633366316138363433396539663833
62656139636139613536346336356365383735376232333130613334383661376261643665386538
66636335303038303564656261343633376633393163366163323265613730396336313739303263
66613536386534383031373662396662303736393062316530653238373062396134386266333336
39633165356438326136623131363730333165636532666537636636633062643030326462376236
36373763663661326135353830666132376661656531343661326637323965323864623934313835
30346131373766623464626662366666373063303137313339313362373066636334613765313464
38626563333536326639393365306431323463656665616330626339636265346565323237613763
36623862643261623061386639343233306164356265323432393465636136346361363938303062
35326564623634356634623630393739346538666333623335663833623238343562333336616432
33366133363564333035353830306463306438623061323034383231383739303463313437386630
66356365653237323438616630333537366437396631333632336632616534353935626131376638
63346661303063356434653338396465333732633863623630323234643732383731313637306632
62393837336433363531336336623630623538353538393263303432636431643838363063373230
65366632616561323964323836323338326164383266306161366163303762613830633266323131
30343335353966646639326333666136613464376439393365343863643833633032323130343430
63303239663761333335306362613363303233616336373662353938613266666464393461363264
33303835326566386464616633633364306665303862353163656538626332333261633937316563
63623761326636333230323337323763623539386265663435306362346431333431353437323931
30323336346330633865313064646332633861663834333866643338393839313536626639326534
38623464646130353539633964616662333561386637613162333338336632626231373633346662
65393032323832383331353032323332663835303735316531633339363137313531663863303034
66663138663830626339396164656536623237313665633662356262373137653835346630373138
63313664323231313738303233343763636461653632363630633664316165343232366165383836
37356330306130326162323261333234316533613661656364643933383163376233376462353363
39306637636664376563373034313861353030366163363461353433333532643339333938343738
34376661643838626230366633636265356633663430393634316561316161326134373237613861
36363630393662373237613539353932363163653730663164323938636434383136396361386465
38353830623364343464346362616163376235343735366364353033666563666535356637303030
34666533653034373532623532666334303231376433363964643232313961383536643965656462
37653939653438333031366663376364336361383832393737376237326135623236373833636563
38636465336561656166373433633938306438646462346535626230363631333031633665313664
31376266353064626231396363306337383765343033313835326665333632373962396664313163
32353536623935393166333236616535643862313734663438653534663839646631653037633061
32323930633235613032643739656430643761386265656263393537313466363130303137653761
35613738393838333834656430623830663732313263643962363263633466333262306331613130
61303038303334616230323432363662313866356632393435326437333933343237373862346637
63326561613832393461353135323033323463366138386633633662643632636239373764366466
37353338303761333937663932343337646330343362336134663233343530343737323161613866
32313966636239623736376336313438613535313339306137313866326261656261643865316235
33653939333839353063643130653566663062303039663630626161396539313439333737396363
63643962313963663961376433333964663430643539623131643964303563303038396339663437
66656436653234333162633737313637363331666436313332653466323135653166646664306239
65376365326161363862613932616438613861343938333164623265333166643263313236643439
66333065333735633864303238336438653663386437626134323130623936613763393133623435
34303965366563363964643136633863336431666236313731333131336436343861653634363935
39373335653362666630663864316536666339313937616165376466613562363763386362323636
63663038393830366135613433383531346531363133613862346632663063383765653764393261
39643130303564633662663035616438663435613335393239623566313433613937643632376632
61306133663533383566636232336132366461633866363563646535386434636538366337386162
34373365323031616139663439633539613964613063336338393533663433373764336365666434
31653862363463386636613466393035316163653263323663393637353435623138346263376433
39653362623565373564386431356565306139303661623039636237666565656364656231313232
64626363343864313762366137333034323163383237316434386431306262393261316466323033
39323832353333323634373035313430666130393865326462356337356532313366313961653465
32646665343234396432303932636266336334316638666230613835663238663466653761306433
37396263646138633332663963353834303761363133313637316531396563383665333135343136
39653063363933633934663563396530653230653230386363623966613136333839393534333539
65633464363861313839323735383235663965373761626566333535383866653965343032646433
63636533653066316237333363383362613930646336323531393339393336616166353035316664
33303732656665306664383231303534643032323664333530366562643262343361393432646232
34323137643734356433353436303436393161656666633761663231636266343534343438373032
62616562313730353863636534653362326636613964336531663938613965646565323261623233
31623630666331393165626136636666386634653634313966663432363836636231633065646130
37393136393735643035383537666438653531356134353164373430306164633963623561636161
64336531386535326635613030646463626438343063386330356232303930393533316238303732
31616134633861303634323236636563643630613563646632333330666561313039336164396562
61663531326564363565366238306235396439643163653933613733376232343962333238666130
37626533633732333262326431643037653235353963343161636139303430363665333862633065
33383464363732356439613832326339333663616237376162633537323837643238316135376565
39616532393666646131666161643733313233356630633730343639306463623734383834323463
32653932313838653737353131396136373765633737616130303839373936643735383262383161
36313861336332613466356464303339636630316536343333623738373231616231376233613162
63353036636238346432393133396565373336356331626331326435313265636562653564633731
35663935346162356665313336363930323534633239326638366531313230313731373565646535
38316165373339306364633037366365396136663262376266323636656537376165366562616136
64626432613638343961303430356537343937353033623864326531376537346461656139376637
38396666363061633262363239353238623933396164306535336137303636623436613138623831
31633564373361613566616236316538306133353739396637306237636464336538383630353335
66626162623666633762346665633536326538373863313564336464613363636162316532616362
66316637353266666339393335666436653736646666616562636461383264316264393435336561
61373966333832653562616566393863316561363765313262653266636437623662313038376663
61336233646433303235336261396338636465346331643130643238643464323764376631653261
37373639386138353631366265323065646561393766343861373137333864393362653734363235
65373834323162306638363935383564343662373466366464373739646633663535626664393337
61653639323262663962653330333262303334356462323234383930333133373734613435313432
37623235323835653935356536633234633361376566333362383431303863623063326566623066
36636436356364626464633863656137323335343864313632303736336239393036376532316530
32356530373963613838643134303763613165303931313534303565653361633861626661653338
36666366623438643763353139386336616630346430336163656136373263336262396236373631
63646332656535316439646461323433356238386562343762363836383065313937366430356433
32393237323565363139386233333634376463393761633231383163663632336537323762363938
37663331636163396132313534363061323038373264393830336661623965346238356437313838
39646434653331646463336532353065663764376136383261623931373536623061333964636639
30333933376232343832353262393561336362386664643030356434343130343965353562633736
36363036303963306365663837303865346566643838313262303965366332396334306339623737
36333962386264343063646334303837376463346363343130366431356265613963313939383637
38336633633636383562343237353838653162366432373565373835323435643831353232346266
62343633333838303633376636343932656235306133373236383539616664316436633561353234
61363062393930363961383837653439346236646164353764336439636364313035333234376439
30336535633765326266323637656339653064363261636331613661313366363662343764316566
36333661636535333463623865366361653466333163396539343235643465356134633433643261
64383938303361313232333963643361323436323164323033343662353335653038336336383032
36633163333335643537363639363961346231396163633638323164383863353239653631623330
65666237656266643330636234376635636261363862356665616436663633363362623937663961
63333061656530363631356662333463356536363334396332306464343235336362333739623066
34663533353235383230343236326435646436666663333233303832306134353533316130303632
64306331656163353036376166346138323638396166373263323363623638386530333837363137
33376366323162666435386266636161623237663462323631343330646664363533363061376563
62633236313936343366316437313437393936333366383931636164336334393637666336633533
36396637346265376337326661663730356532613666383561656565303030353535316536393734
35363235646636383736303839663561306438636466306138613865623530316165303133383534
37343933623562663336383835663065633135376161363534363539643230326539666337393331
38326636623933356237343636666235343638343636646536646536343037393031393738323364
30646531383739623261643733346361386530336165646132636130396130663764643130383165
37653162373231363835313533613638393635383231346338323463646636353861326135396130
32373034626264626231613536333661663535643263353462646632323333666230646339313634
62303532643431626530396132666533633035363535623734666362386135386638306632303533
30613533333232303266326432303637636232386335373537336163333933653766306332373839
66363731663131363036623632633231326461343438656538626333363563313363313731616633
62643334306634663134343463643766363133383330363664613562316461653131626437623966
66626565363337313262346231336635666131663238373562303035303138633430383265383230
65656433343266373461383233633435333564323536656335383735613366313730653131363562
36656536313931373562643933653065366563373934396232396561626437333430313035326237
61333364626430316637363036316365343364336139323238636436623163643536633236623536
37646166306261663261393430396536336439666236643063656666393963663863386665333830
6433623633313231616533623530323632313730653833323563
