$ANSIBLE_VAULT;1.1;AES256
63663061613763363466313666666339343535366233316566623737653538353536333834346334
6430623866383062306264313331626661393565366231360a343431303966656432373634396363
34653761633130373865633933653065316465363665343234313030653761333037396232323831
6630646635623164620a353133616636653163636535303730663636633266323331343335383139
61363134636161393666356632626432353634663166366664306232303538323262366462666365
36653132343963386632646237666662663536316263373835613732636230386436323930613935
30643861333363343539303765333736393531393563646432336632396632353036383132373231
39373530383030373362613337646334646536613531343863363533643763383764396136643965
65613238666362393935326463343137666665666233386361383439626632633538316665373866
36363535323566393532343965323334323432333565363039343134383139393863653965653761
61333966336262636534626335376664646231346433333630656239316333633061653931653664
33646131656365313533363931373361383265386439306466616166353532323936663435643230
35396634376230303239343731363762633462666637336462623434613932333639383533636233
3663663235663537396531316531386563613738353237313638
